% # columns="iteration, evaluation, sigma, void, void,  stds==sigma*sigma_vec.scaling*sqrt(diag(C))", seed=2, Wed Mar 22 12:37:14 2023, <python>{}</python>
1 12 0.18912856916650383 0 0 0.1869082463949772 0.18815738280321428 0.1900493495365457 0.18829271622222893 0.1889207137103781 0.1898224096980103 0.1968185671279867 0.1846397918485777 0.18495072302334115 0.19401658491065918
2 24 0.18344998841532464 0 0 0.1786170992865564 0.18729901543104482 0.18131327867583444 0.18369172375531134 0.17824524400890115 0.18328134732920118 0.192039355310334 0.17911450166189563 0.18881900278846706 0.1943244326855062
3 36 0.17210845638406794 0 0 0.16260175786363104 0.17906963493471684 0.1648205015011986 0.17468711984948407 0.1624323301211143 0.1751204930094279 0.1788263532366152 0.16560859453846333 0.17460033935271788 0.18453901296246897
4 48 0.1733495723660287 0 0 0.16316651893759057 0.18247814971932333 0.16459254484216035 0.17552594307146663 0.1587855872400856 0.17833916132962202 0.18244053145006706 0.15972623264518465 0.17641046753209141 0.18878357264046247
5 60 0.17787945056596974 0 0 0.16671609550310781 0.185793726636269 0.16938555964790042 0.17398993196904053 0.17341931836084187 0.18463886583601458 0.1897049383733315 0.1624411538629438 0.18147555451809 0.1913121446066786
6 72 0.16870220930757285 0 0 0.15977490162038288 0.17698468921292246 0.16150211742056547 0.1681417493770104 0.16631940708193857 0.172441432663633 0.17927796272483992 0.1532919595263243 0.1613981087637404 0.17738297983647572
7 84 0.16085512905357602 0 0 0.15299076937429443 0.1661532245494568 0.1538087362882117 0.1572128113015767 0.15524685007524125 0.16543457105414938 0.1699386609492578 0.14562427015772958 0.15239636816391852 0.17268063297831268
8 96 0.1469942892000307 0 0 0.13694695109259178 0.1494088522590434 0.1380868084806429 0.14169284479670047 0.14322297079503296 0.1478236248256175 0.1562538017885331 0.13347493916243508 0.13672043807871082 0.15643476698198128
9 108 0.1363025245493411 0 0 0.1258676529329877 0.13763027597728472 0.12539572295354842 0.1318087363874934 0.1324239544888069 0.13507000206530614 0.14796043114230276 0.1229026950854185 0.12046330142406801 0.14110514389920756
10 120 0.13994916231765198 0 0 0.12823072854445908 0.13770813455728198 0.13133363785317145 0.1323811960409681 0.13535676140913655 0.13659653275354824 0.16305006052237425 0.1261360834840712 0.12280072742604384 0.1395065270946204
11 132 0.13576068550810375 0 0 0.1219101304194119 0.13017120543675456 0.12485671402286079 0.12842589027504045 0.1319395512832247 0.12715467468825756 0.15954405594443236 0.12098253191341597 0.12078193965695956 0.13757985378907941
12 144 0.1336023882193328 0 0 0.12055070508641409 0.13256967328493394 0.12196114936582637 0.12864668937143417 0.12763612424181392 0.12534762632180815 0.1559884957759494 0.12000502910181003 0.11717356079933265 0.13414135019743817
13 156 0.1349539096262212 0 0 0.11696857519980507 0.13382668746820733 0.12517016471778086 0.1296834561811428 0.12983163488417226 0.1277889041323674 0.15761320136704765 0.12490793329000234 0.11767270509125943 0.13254493902325354
14 168 0.13391577195596013 0 0 0.11415147851287973 0.13156819655959567 0.12326425881799424 0.1328940614840516 0.1278308157880998 0.12324807495566051 0.1563766860541898 0.12643810490260673 0.1155074726972849 0.13281537496557297
15 180 0.14143327910320735 0 0 0.12129329054156304 0.13105108417049866 0.13100068265839288 0.13652632763212377 0.13589369176160465 0.1279874931661474 0.16332699631743522 0.13554062102673667 0.12767934251390625 0.14573103978549448
16 192 0.13287147824423104 0 0 0.11280819411941675 0.1220471045611691 0.1229171214443327 0.12848407547916157 0.12824926688675994 0.11757816031002692 0.15332161475459322 0.12089309925753544 0.12347150972484676 0.1337043163418867
17 204 0.13000773373990338 0 0 0.10982776128613947 0.11712073478555034 0.1202089718444595 0.12454657976383243 0.12089894469750359 0.1146521160355294 0.14830477399741604 0.11701276885281638 0.12046549096796577 0.13081548492509956
18 216 0.12429451318180759 0 0 0.09961353430932526 0.10936723206488536 0.11570927201878242 0.11848632262746124 0.11422059935620033 0.1120674234005752 0.1419506489141627 0.10863238607320203 0.11601506357188025 0.13094056428811457
19 228 0.14325815940627398 0 0 0.11375940450645837 0.12262895392136078 0.13294272038576568 0.13514267120825907 0.12917653772455573 0.1326210282690346 0.1659565953855815 0.1517545850968554 0.13254911200739466 0.14979727292147202
20 240 0.1546644597988998 0 0 0.11927419515939808 0.13153677058115748 0.14521631168342874 0.14340380736632877 0.1387699768672487 0.14601408499488172 0.18185103359043212 0.17116517589277513 0.13944220117818598 0.16781592768571188
21 252 0.15268810287865786 0 0 0.11833285888134605 0.1268925483512714 0.1413979736839996 0.14121049362947038 0.1320262019146126 0.1438784193409147 0.17600881139377447 0.17885838116113578 0.1339787749148039 0.1660399781954203
22 264 0.13812626947652368 0 0 0.10699885672082081 0.10824256133255121 0.1290629986761531 0.1255990674385892 0.1195256227859797 0.1309330068808541 0.15833015246389742 0.16125670721862476 0.11885179830186922 0.15144009110571618
23 276 0.13292830871618552 0 0 0.10113699672449879 0.10245751102224293 0.12672975173662904 0.11793804147733487 0.11448204305916958 0.12699450593675804 0.15904742083708992 0.15196566870401024 0.11671849025359998 0.14448789860000133
24 288 0.13682032402126604 0 0 0.10493147770668032 0.10405943255371543 0.13364175130663586 0.12296987935711935 0.1154066345750208 0.12891691850927017 0.16499857009962457 0.15649458875042932 0.12053705155412538 0.1462513336174137
25 300 0.1532188291889923 0 0 0.11830198848389405 0.11635885743032835 0.15590904543366568 0.148504941397624 0.13161028362331245 0.14528290669492017 0.18273721331416817 0.1725125673508587 0.13518188124311264 0.16010310462784816
26 312 0.14471690388203545 0 0 0.11099031458945342 0.10875932699615865 0.15028277068805282 0.14197038087163344 0.12082808669059805 0.1377204681941583 0.1643711969058047 0.16256485892522307 0.1270971090695976 0.15265582390222737
27 324 0.13810851180112982 0 0 0.10544106890030452 0.10029616824532277 0.14084019990798924 0.13758127007035584 0.11620383068790353 0.13742683850765874 0.15629047061676524 0.16014749502797473 0.11902722075789335 0.1448604914964539
28 336 0.1568796527644733 0 0 0.11822934284444984 0.11301664827605586 0.1577661646574265 0.15440162856233386 0.13751681480196537 0.15367042859983854 0.18774607490411668 0.17916557088602095 0.13765140201813675 0.16713469029775405
29 348 0.16365185391130857 0 0 0.12125497897190671 0.11596236087337565 0.16759980312352613 0.1606622908980388 0.14474600583725453 0.1563285057299519 0.20008424946305536 0.18716162952918244 0.14461284923156817 0.17765918484024562
30 360 0.1784341493157726 0 0 0.12633139942706048 0.12274724900261857 0.19049157993756027 0.17669427960995193 0.15852234577439042 0.1711707517665468 0.22184546165360933 0.20624135933655405 0.15457310390341314 0.19524852726274539
31 372 0.18556712975175618 0 0 0.12760860505542124 0.12224390895298233 0.2035483578253356 0.19314879539024968 0.16529730014106697 0.175304190571683 0.22955042447524482 0.21425498478191451 0.15849415447746176 0.19781154840324353
32 384 0.18220741709724986 0 0 0.1258146116100175 0.11827840919524485 0.19055304645940088 0.19154208732280992 0.1643667826111936 0.16847854395854409 0.22501271784872817 0.20728869312794077 0.15778914592033616 0.19705808541196088
33 396 0.1909437407905313 0 0 0.13002374875764297 0.12187746098313157 0.19975044361642325 0.20979610030524068 0.17135091536541172 0.17677439450586707 0.23469972940276645 0.21948016827000363 0.16270107351457677 0.20076584891926483
34 408 0.21594032167888488 0 0 0.14532596685982213 0.13644372388966308 0.2291423393652074 0.2511245295686252 0.1932707062030888 0.2040704823951609 0.2658917986654819 0.24423169018563343 0.18194430674247636 0.24143076103064273
35 420 0.2268643208721514 0 0 0.1489021584864603 0.14071321597603653 0.2381593352788778 0.26881800591622873 0.20216993018133095 0.21728286787991843 0.27951682385295684 0.25340420635381666 0.19194870949177764 0.25820113408388207
36 432 0.22129982287519095 0 0 0.14377526129250542 0.13555022998315336 0.22417478114756437 0.26377124278930086 0.1944888961462485 0.21158259616546268 0.2766419307108498 0.24571056468101954 0.1859560331999269 0.25226677837624384
37 444 0.2095547360531739 0 0 0.13312938994160053 0.127301890327062 0.2132768231478526 0.25129312448082136 0.1783017951771386 0.191862265459866 0.26268769595821706 0.23411065876930792 0.17644407430640804 0.238749396286402
38 456 0.21711078079980775 0 0 0.13270183080483153 0.1285049012204118 0.22548724282672267 0.27415266293997353 0.18360415772493907 0.20159236897273153 0.26632994249769726 0.2423271064246653 0.17818049373416903 0.25514929849543905
39 468 0.21064932551998472 0 0 0.12481568261009494 0.12098106503202385 0.21678296048121373 0.2744257352453595 0.1770344845998944 0.19384548564963103 0.2584744204498648 0.23476370594639098 0.17105235041268835 0.24193787983390694
40 480 0.1980069545305187 0 0 0.11375335295011242 0.11136193719615721 0.19943010369420539 0.26293041584671417 0.16888722919464252 0.1842724179294294 0.24086263455407492 0.2179526123632357 0.1555521949243843 0.2268046464947326
41 492 0.18138819724421587 0 0 0.10350360186953055 0.09976470262282934 0.18204503141250167 0.232479020484566 0.15552262282665363 0.17122901813764885 0.2239310698089658 0.19930517065016987 0.14426287050551734 0.19740587524459138
42 504 0.18627094065174368 0 0 0.10427900171023906 0.1000209124287121 0.19618488896421668 0.24159664541901998 0.15654459283722658 0.17528372474243553 0.2308222508331375 0.2143287372638633 0.14532023878018455 0.20905715867044808
43 516 0.1692463387886682 0 0 0.09386588056538728 0.08874841600297016 0.1791461458510594 0.2113946623810847 0.14164330130490183 0.16228566666275313 0.20825856081273406 0.1899511712213662 0.12994969793565753 0.18975705692667658
44 528 0.16960824327215848 0 0 0.09331246216302809 0.09096555549233241 0.1790056609817272 0.21297287345634522 0.13962910016714544 0.16381988831591224 0.19997033514342663 0.18689620304058135 0.13200065947042813 0.19154364055321055
45 540 0.17221484226585648 0 0 0.09487805656619913 0.09246427181449772 0.1764711201472851 0.2166008880193484 0.14152826633000232 0.16210790257110355 0.20080368706827312 0.1861433752509404 0.1314135046103361 0.19019032247201634
46 552 0.17718371545483363 0 0 0.09762324195060389 0.09253920257562566 0.18034707994273544 0.2208831499468929 0.14869577501040773 0.16596758562594702 0.19528223466146202 0.18925818497288263 0.13486818624322847 0.19159248380731192
47 564 0.1544380190780681 0 0 0.08227878648153929 0.07879949483894852 0.15797361993280087 0.19271851496545186 0.12794610707804902 0.14593984201310395 0.16865139796689874 0.16635878909763174 0.11347298832628105 0.16581022359074188
48 576 0.15386736516641272 0 0 0.08042363533135456 0.07459871552390485 0.16753503773013004 0.1929397870600175 0.1291974160876333 0.14638897177902782 0.1761975508217732 0.1639669924215081 0.11484676846301345 0.16275039605731642
49 588 0.14397066124272956 0 0 0.07374932711921313 0.06790867448878832 0.15645239115780246 0.17881226653444018 0.12212409707183645 0.13744366469393324 0.16464253717368635 0.1594060458081309 0.10633655408655064 0.15207381620568872
50 600 0.1391058917305201 0 0 0.07158698011107023 0.0656486714922643 0.1517099619965033 0.17536913563919423 0.11600433397971432 0.13246682150290331 0.1611009300241934 0.15144749413730416 0.1009042715688123 0.1486600994839516
51 612 0.13813582302245772 0 0 0.07039204031604628 0.06463898261241457 0.14634417030854419 0.1751119222717086 0.11550422137208838 0.1289577657655501 0.15569407724576748 0.14677848642777636 0.10253344332825498 0.14921998601488876
52 624 0.14189661650945581 0 0 0.07045570979333109 0.06680478471849785 0.15131797335994476 0.18215568779659091 0.11957644114038489 0.13517117409243662 0.16015815354691296 0.15182202956603505 0.10878715652058685 0.15295372781978434
53 636 0.13015472855908417 0 0 0.06277190557477519 0.06109260548707575 0.13734868337856318 0.16843776173120678 0.10729362576851349 0.12320130685291342 0.1465704958092526 0.13588618640240827 0.10300233915133458 0.13893133605768376
54 648 0.13169043433251237 0 0 0.06190346761262947 0.06170571164054051 0.13798000469140256 0.1715790603126653 0.1087132526695621 0.12345055874706512 0.1506709189874535 0.13992528078721655 0.10369390276550693 0.1466899602393515
55 660 0.1580608122650968 0 0 0.07230492876748888 0.0731442474463599 0.16433713075316717 0.2162238535705793 0.13114139536117828 0.1454039139202166 0.1809981389751053 0.17083608647870466 0.12397973443318325 0.17595557953708618
56 672 0.17729211746309423 0 0 0.08053674953407264 0.08081987776670119 0.18107371909794237 0.2381886354686316 0.1425756496549582 0.15790009347964853 0.20325450619252053 0.18918719371937498 0.1367689445379823 0.20316327020115874
57 684 0.16945347107674305 0 0 0.07760858328988401 0.07471928022188738 0.16683285314223137 0.227037813115424 0.13470108621953003 0.1492490945189789 0.1857881614524192 0.1824410916404944 0.12853224565088653 0.19368142931446097
58 696 0.1595685794741652 0 0 0.0715650504350518 0.06808154984100201 0.15167828084500887 0.20955998290067512 0.12556401450545196 0.13818702892670168 0.16564167065899332 0.17472867805425168 0.1246486739379219 0.18604542438623423
59 708 0.15569341514813892 0 0 0.06743016130506567 0.06603265221160774 0.1448427406525932 0.20692147029468008 0.12523242225531458 0.13603370188774283 0.1602271420217848 0.17020847020200758 0.12200515655004109 0.18025999942947646
60 720 0.1441341583394562 0 0 0.06117275570517123 0.061819843110038054 0.13365898092972903 0.1938328678624987 0.112092789539661 0.12703770902544373 0.14654983400042806 0.1562082730261264 0.11517378606129418 0.16745101462226133
61 732 0.13829630483894623 0 0 0.057647917575989575 0.05928572327818956 0.12956561482079706 0.1866812425970858 0.10590569100150937 0.1217849810186636 0.1416363133322232 0.14882642802529794 0.11127720383880373 0.15807698202433362
62 744 0.14031070883411362 0 0 0.0573415329290593 0.05993604858135475 0.13249403026335152 0.18658270426456564 0.1064022601359767 0.12863716926818808 0.14464553260924906 0.15270410831047396 0.11105222605127892 0.16005392621994868
63 756 0.13580004279175634 0 0 0.05478231697285416 0.05784350964003147 0.12597794253981692 0.17928114878475657 0.10259044582179172 0.122160445393022 0.14005444291457717 0.148650759621706 0.10767139998606744 0.15427663156971438
64 768 0.13123285201037568 0 0 0.051748239410377865 0.055335373203617456 0.11918361384386311 0.1717091580926024 0.10307724423010323 0.1205090994960369 0.1359852515133592 0.146100825799261 0.10527172160390424 0.1469309197652632
65 780 0.1347784057189517 0 0 0.05374274619919909 0.055362577040546486 0.12124047418396218 0.17123089275631034 0.10767966100182667 0.12133115512883025 0.13974795827953224 0.15759511324889067 0.10409749356321471 0.1486528832785504
66 792 0.13123972214109 0 0 0.051430404493854075 0.05298554625712525 0.1169182247277755 0.1667777462695542 0.10434829869323967 0.11742303878902288 0.13309405735804353 0.15389035437556392 0.09981428447737903 0.14316245345630682
67 804 0.12662100391987602 0 0 0.04944848056188588 0.051898180547645924 0.11160331938999095 0.15743052787045644 0.09971027214178914 0.11283797074131821 0.12874854587525678 0.1491583843620098 0.0948184434875832 0.14001167808148612
68 816 0.12595803532350575 0 0 0.04745312266714851 0.05326826380943602 0.108930597076047 0.16117857225762466 0.09970670730533057 0.11198091747415422 0.12392972191256388 0.1508364302476236 0.09201209177758943 0.14036169432375525
69 828 0.11414342003969614 0 0 0.04246058632266324 0.04806766989067615 0.09728166794068709 0.14516204194384294 0.08785911811926653 0.10168186130124146 0.11074764563692359 0.13476162298277952 0.08276491696597575 0.12841483486841573
70 840 0.1067743990475077 0 0 0.039293559777364685 0.04387447218368026 0.09121117454885444 0.13794043866447897 0.08187515594547722 0.09619219853134839 0.10491156243878916 0.12224248495417141 0.07378642297704649 0.11558873785473574
71 852 0.09896829185667692 0 0 0.036341837291530336 0.0403611091451719 0.08367924516512147 0.12085442899842341 0.07524849499936345 0.08929726188418284 0.09749846598897367 0.11367461882645641 0.06702689378647947 0.10962996895595896
72 864 0.09486776477650569 0 0 0.03439322912444344 0.03818771282617297 0.08150655738681875 0.1133611549199356 0.07344471387756275 0.08758997666913897 0.09132784649572516 0.10719844778632957 0.06533216945531367 0.1058735382192972
73 876 0.09005377876947593 0 0 0.0319287975006067 0.03627754944752236 0.07657413163655419 0.10377534356930165 0.07016600358234065 0.08370297255561578 0.08405304669906097 0.09755933239320261 0.0625771340704444 0.0984892600570842
74 888 0.08087865130543144 0 0 0.027673948108256276 0.0320650854533913 0.06888112720819686 0.09327046040539141 0.06332269642795968 0.0749319866933491 0.07579669061347387 0.08383083992045579 0.05601943800920518 0.08819335508080454
75 900 0.07458256434270585 0 0 0.02547157338175993 0.028926304225377984 0.06385761035586877 0.08665989872822263 0.05927463597777038 0.06859877724266646 0.0697959876732447 0.07742992962178559 0.05079907534402064 0.08003060839442512
76 912 0.0739075766778737 0 0 0.02524734506806694 0.028972646596261253 0.06590250340521789 0.08728617225014292 0.05831953180581192 0.06769735437286585 0.06810725700124863 0.07646608607869698 0.049411161036072196 0.07963877567165766
77 924 0.07330018964882358 0 0 0.024649502055706422 0.02905715775912372 0.0672107803008226 0.08607262103458682 0.05839023281015055 0.06634236937909802 0.06688741210342859 0.07461051258900248 0.04868499004108359 0.07862212548648762
78 936 0.07242424000807818 0 0 0.02421803173169044 0.028450664143787833 0.06832687164288931 0.08476188829924503 0.05750548376900266 0.06655927456761762 0.06488633671681843 0.07117837960489462 0.046772001558579 0.07751826868426795
79 948 0.07220669429066683 0 0 0.02426788569939247 0.028183492152358762 0.07159429497486841 0.08135074748834903 0.05470800770074986 0.06716673331859865 0.06398808216750257 0.07001866159550624 0.046767092742060194 0.0764601731654038
80 960 0.07573060008825183 0 0 0.02530831100251571 0.02820368684212413 0.0801023802255847 0.08280427121038304 0.05881381632442857 0.07280337036178826 0.0663274377852536 0.07222778627612986 0.047520322056702834 0.08670285309607882
81 972 0.07002383794997365 0 0 0.022884944294005678 0.025254387610495546 0.07472799326332083 0.07259946314009907 0.05606439810165772 0.06747712068099106 0.06068224107613457 0.06690399756550178 0.04335676313641795 0.07999129741316192
82 984 0.06553372670634353 0 0 0.021813916516651332 0.023532911867331998 0.07006691976104398 0.06499760566989381 0.0529659878666247 0.06296365546067502 0.056283966361761445 0.06373964183610097 0.040625340033497395 0.07395273595398516
83 996 0.059364172642940076 0 0 0.020019124540129937 0.021123467856673902 0.06269206088237941 0.058862425786562984 0.048091153538706875 0.05543136165638154 0.050007431304587395 0.05744305510141591 0.03628479941837796 0.0659912656113857
84 1008 0.05814110847231728 0 0 0.019611115672600436 0.020527892542365547 0.06072605736816077 0.056762049441432386 0.046932638992727815 0.05392070752697609 0.04845628037526359 0.05601792983241873 0.03534419957866241 0.06445621935987136
85 1020 0.053005208996660814 0 0 0.01781421918566239 0.01868370469236105 0.055295050301545065 0.051598657108354054 0.04195432474920443 0.049092348767739616 0.04382516828041362 0.051571798171333144 0.032209441482063256 0.05719998164205879
86 1032 0.0513851870775724 0 0 0.01687382518939454 0.018014126892165812 0.05249303283387832 0.04932155432144657 0.04021012949142867 0.04682249640953661 0.04138970882504723 0.048857715355371215 0.031515728025964876 0.05636026572814676
87 1044 0.05547299139460804 0 0 0.018506157859514413 0.019070305785340597 0.05796332864430411 0.053051477502549134 0.04274415891354319 0.049720450096199034 0.04559200030523883 0.05336943068579814 0.03429663852413629 0.06655659661655393
88 1056 0.051044665907283224 0 0 0.016969141236887995 0.017147538591550375 0.052934213049411635 0.04761863587729735 0.03864150742230087 0.045270850553732284 0.04211305930223474 0.049322104510415896 0.03152348956886651 0.06074249827041956
89 1068 0.046791081761039514 0 0 0.015626027234272526 0.015530260797505814 0.047927211478533724 0.04321072420427492 0.035069705989614244 0.0404818752474029 0.037689108872424486 0.04510163775887107 0.028961994551543777 0.056512958609912005
90 1080 0.04504889033430256 0 0 0.014845376838556284 0.014796787762687828 0.0444400713124527 0.040873864526969554 0.03472170323543478 0.03878357978598152 0.03654786580063521 0.04295886294196611 0.027377468355728286 0.05616425781555929
91 1092 0.039678743408795854 0 0 0.013203442593279152 0.013460197811849704 0.03982984507518909 0.035344775047303906 0.030465393960067613 0.033812910328249554 0.03128811851634484 0.03731287056047781 0.02407725554452244 0.05068449015529531
92 1104 0.036171383961725805 0 0 0.011812422619458866 0.012154904120150332 0.03580375402866665 0.032262628170746835 0.027430825737491463 0.030526162582953466 0.026566664855507505 0.03415935984725645 0.02246299761719236 0.04632518834658784
93 1116 0.036178977259377736 0 0 0.011758588684874702 0.012352565664407303 0.03527294898939179 0.03238093418915867 0.02776090682496521 0.03010275823296331 0.026541995983837944 0.03370449037634578 0.022705717693678743 0.047009771539879563
94 1128 0.03657365553346187 0 0 0.011726392299878388 0.012497318496801146 0.03569338959374684 0.03200229224942127 0.027463150237361598 0.0308050539648706 0.027323003678998852 0.034661221185020664 0.022889520904085657 0.04781594771366809
95 1140 0.03340122978433327 0 0 0.010517616461744872 0.011256791022141239 0.0317507004921787 0.029271216608179756 0.024543760988022342 0.02862976881446678 0.024732244438925098 0.03160660717476814 0.01946765285061824 0.04207497397322912
96 1152 0.031580630449240386 0 0 0.009734620172883747 0.010612524492415398 0.030269796480327904 0.02709201739466166 0.022977374592462577 0.02735442867350534 0.022691167917536517 0.029381688701163627 0.018667659505169073 0.03954944269037722
97 1164 0.028135193653954626 0 0 0.008541995026314237 0.009482893202538386 0.02620308923654747 0.023840587126356453 0.020526843470029373 0.02408084203512227 0.01990640921727301 0.02579107190850744 0.01652186475130279 0.0349726773620141
98 1176 0.024792528826346426 0 0 0.007255523489118794 0.008087157474256658 0.02237810433422564 0.020718038826263642 0.017838153324031818 0.021073746798545977 0.01671121998696903 0.0231015836148293 0.014097014284966724 0.030497484771503425
99 1188 0.023004882581761733 0 0 0.0066017485158181245 0.007445136608442779 0.02084995873775132 0.01927406175560991 0.01656873872243816 0.01930116893223116 0.015073088500045666 0.021819677866471862 0.012779411144808296 0.028158591342108324
100 1200 0.021252291532287634 0 0 0.005945928183559394 0.007055047272158152 0.019379665522023675 0.017514138292628274 0.015139489698666169 0.017589602554350776 0.013978083749176976 0.019878658178927935 0.011586345910124586 0.02602347540424705
